310446, 103464
5012026, 2506012
5010633, 3315600
4312652, 2156324
9606465, 4656960
4179627, 2771496
9597312, 3197952
9686293, 9636928
2093211, 1321920
9944230, 3929440
3521718, 1173852
4006287, 2670840
7253802, 2358720
7796280, 2078976
5892231, 3928152
4441356, 1465344
8695602, 2695680
5177922, 1725972
942186, 269184
8542701, 5417280
2981907, 1987920
615409, 594160
8610072, 2870016
5433867, 3347568
371922, 123972
8691480, 1986048
6000543, 4000356
746539, 739456
8316907, 8310976
569397, 379596
4246729, 4224976
4510332, 1503432
5610462, 1566240
6083535, 3053568
4148640, 1064448
6029100, 1209600
384109, 349180
8213040, 1843200
388140, 103488
157021, 150172
6029064, 2009664
6613245, 3526416
5634483, 3685344
6349032, 2094336
409687, 407896
5012025, 2515200
2616915, 1196256
4813020, 1283040
8296207, 8269720
502, 250
7270434, 2377440
852091, 801952
1358053, 1355308
62118, 16128
4591206, 1524096
2471607, 1647720
6964713, 3741696
340285, 235840
874782, 278784
8995722, 2998572
8525034, 2305584
4839502, 2359840
8628534, 2854368
4962156, 1646592
4531986, 1489536
3703669, 3693760
441670, 170464
3849109, 3499180
6391902, 1936920
601320, 160320
5843259, 3895452
7407151, 7151704
2140269, 1422960
641340, 146304
614376, 164736
9520056, 2509056
8635257, 5756832
2993245, 2394592
6929118, 1891296
7041258, 1854720
8402904, 2800944
2678517, 1785672
5136021, 3112560
1941057, 1197504
3007122, 1002372
5314734, 1735344
7982214, 2481792
4076190, 1049760
7507321, 7501732
7498629, 4969728
4248027, 2427408
6283041, 4163280
895722, 298572
9843700, 3907840
20301, 13200
2978901, 1978920
449467, 447496
4052661, 2614560
2741403, 1473024
8548032, 2835840
8382240, 2234880
5470832, 2735408
933020, 339200
301044, 100344
9620883, 6389280
2179508, 1089752
8270082, 2728800
7235910, 1753920
4763151, 3175416
2038165, 1630528
9852001, 9812500
9050682, 2985600
904032, 290304
848043, 483840
843642, 264384
3844049, 3494480
3689251, 3685192
5604831, 3615840
5306218, 2653108
7449027, 4794720
2610855, 1285056
8562942, 2854296
8204586, 2508864
441768, 144768
7521042, 2501472
6636841, 6631684
9605250, 2559600
4280104, 2140048
462609, 264096
9216084, 2916480
5192632, 2596312
6164100, 1641600
4206114, 1244160
2515167, 1576512
3280507, 3087520
4871556, 1584576
2463561, 1642356
6253018, 3126508
4812300, 1283040
7523658, 2375568
612846, 186624
7492806, 2489760
8152092, 2508192
629064, 209664
18261, 12168
7450243, 7345240
250126, 125062
4432509, 2935440
7526208, 2508672
8463152, 4231568
6028575, 2755680
2103039, 1393200
820674, 270648
8371969, 8193796
7236907, 7209736
2381085, 1088352
8721421, 8712412
176569, 175696
5966307, 3965760
5498683, 5493688
3624561, 2416356
5787063, 3775680
4317804, 1347840
8159643, 4935168
9784152, 2791584
6363855, 3358656
7664526, 2466576
2781657, 1756728
5491710, 1197504
6235803, 3563280
251926, 125962
802476, 267480
4035132, 1345032
3194809, 3189904
6620975, 5296760
87109, 79180
5082523, 5025328
18231, 11832
7617042, 2470176
440413, 434140
5030259, 3095520
5521230, 1235520
2127003, 1372200
59184, 19584
2367501, 1527360
6521038, 3260518
7402506, 2467500
5629473, 3752964
5384469, 3589644
2648061, 1628640
8137224, 2712384
6208164, 2068416
726033, 376320
3520087, 3507280
5133921, 3159312
8807571, 5871708
2044501, 2041504
6461793, 3976416
2167443, 1424736
9618357, 5398176
205126, 102562
6257916, 1692576
8424066, 2406864
6916212, 2169216
25918, 12958
2962413, 1936224
9254601, 6145920
7053921, 3719520
725632, 362752
6519236, 3259616
8860777, 8777860
9590841, 5901984
4703196, 1479360
4190278, 1974280
972678, 277896
6520140, 1520640
742689, 482976
60903, 39600
89982, 29988
7026037, 7020736
9804645, 5098464
4780152, 1470528
3898140, 1039488
490110, 119040
430218, 138240
8270539, 7985320
6501238, 3250618
3076152, 1025376
4081950, 1059840
8050024, 4025008
818053, 813580
180261, 120168
412380, 104832
3582907, 3578920
6244419, 4162944
825003, 532080
3104784, 1034784
5311602, 1613520
5886043, 5683048
6152490, 1640592
704232, 234720
5340663, 3560436
46818, 14688
9421608, 2691840
7328352, 2335872
657205, 525760
6325912, 3162952
7542260, 2742560
3130657, 3071536
7243086, 2368704
4278801, 2714880
500218, 250108
8027856, 2675808
371244, 123744
8164539, 4935168
2026195, 1620952
3516874, 1758436
2854179, 1894752
865782, 288576
415638, 134568
6303150, 1330560
9179251, 9171592
4180980, 1049088
7663057, 7630756
34816, 16384
7665937, 7657396
2501264, 1250624
2500018, 1250008
9864651, 6415968
5607018, 1857600
9866052, 2596608
4540176, 1474560
9784629, 6297984
2317419, 1374912
312658, 156328
8525367, 5683572
6002046, 2000664
8179261, 7698112
8642808, 2880864
7380349, 7338940
806487, 488760
7135628, 3567812
6267402, 2076624
4482393, 2983344
7032132, 2331072
8549679, 5699784
7895292, 2599728
384210, 102384
5721480, 1457280
2999481, 1984992
654231, 436152
6180642, 1866240
6227251, 6212752
6090018, 1809600
7384905, 3579840
4213962, 1396224
618150, 151680
5518086, 1565088
45126, 14256
3265198, 1632598
5563143, 3513456
1704069, 1096704
7065979, 7059976
4591368, 1493856
6017814, 1817640
95217, 59712
8357265, 3725568
3692005, 2953600
8180472, 2714880
544435, 435544
6039180, 1380096
5621890, 2150896
3881400, 1034880
740421, 447120
5969937, 3979956
8218800, 2188800
4031124, 1321440
3100836, 1033608
5786973, 3857976
4783023, 2733048
742488, 247488
652318, 326158
6982362, 2326968
6128580, 1562880
7635501, 5075136
6053902, 3026950
8670222, 2627280
3422427, 2247432
4327164, 1442376
3478120, 1374208
8976942, 2749968
3167054, 1374560
7715244, 2571744
410940, 109440
6403683, 3368640
4416700, 1704640
7245396, 2379456
6025003, 6005320
6321855, 3255168
2891061, 1912680
2991, 1992
5229, 2952
2743011, 1732104
8925546, 2549568
2109543, 1392504
4210344, 1403424
6827461, 6786412
7492392, 2497392
8854689, 5689488
5263018, 2631508
4238251, 4158232
7342635, 3745632
8699751, 5799816
6742224, 2247264
869965, 695968
4680423, 2643840
6173982, 1967328
5117643, 3411756
2640717, 1760472
6207147, 4127760
1520391, 1013592
5700318, 1735008
8662957, 8629756
974667, 649776
6629983, 6239968
8705202, 2572800
6132150, 1635120
6305218, 3152608
2957841, 1925784
90282, 29280
3692512, 1695232
8752092, 2905728
2012506, 1006252
9886509, 6590988
5881716, 1857168
9214020, 2419200
85041, 51480
5896233, 3368952
1529301, 1019532
5652837, 3768552
35683, 33568
5261130, 1201536
1281307, 1103872
5896134, 1935648
957248, 478592
3572241, 2374512
8954268, 2854896
5913624, 1945632
5020605, 2505600
2103459, 1395240
6482815, 5186248
186021, 112680
3061206, 1006632
67045, 45760
5987016, 1709568
5922106, 2961052
1069261, 1066912
2106429, 1296240
6135912, 1921536
4153026, 1352064
4623603, 3036264
4038192, 1298304
6123690, 1632960
582109, 529180
539697, 359796
2795301, 1753920
6108523, 6051328
6041880, 1486080
4734801, 3047184
632518, 316258
7061427, 4707612
410322, 124320
5369997, 3579996
4133106, 1331640
8853129, 5889312
7241328, 2413728
4557067, 4505776
9401220, 2419200
848833, 834388
7390422, 2273904
20518, 10258
5514726, 1575624
6053043, 4035360
820248, 228480
7522146, 2461752
8275122, 2758212
674521, 645172
3654439, 3439456
8162568, 2681856
1607817, 1071876
4088347, 3847840
320643, 204336
928638, 298368
4919562, 1469952
8687928, 2769888
8126467, 7846216
8814294, 2918448
182401, 181204
526312, 263152
8605795, 5985760
4139172, 1319472
6429180, 1692480
4210099, 4199200
8649405, 4548096
9653649, 6399456
9824075, 7859240
9536767, 9356776
9863127, 6391872
4314985, 3451984
2052531, 1235520
1210669, 1201696
2919339, 1939392
7366905, 3096576
571443, 375144
5165521, 5151652
8769067, 8760976
9834280, 3849280
8565822, 2855268
9702396, 2939760
205916, 102956
8480862, 2608848
5267829, 2952768
4185792, 1257984
5403618, 1635480
8013222, 2032128
8121960, 1681920
5193072, 1730592
4404186, 1468044
449712, 149472
9506025, 5069520
3296871, 2189376
3316005, 1330560
2653912, 1326952
53967, 35976
3154309, 3135904
2015811, 1150128
4259016, 1406592
6107421, 4071612
9983167, 9973816
4104900, 1094400
8312499, 4891392
4233618, 1336824
833782, 387328
7142697, 4761792
6309126, 2093616
6105238, 3052618
4001670, 1067040
2267139, 1267392
6574923, 4352976
2817255, 1287552
602910, 120960
9045681, 5984160
2591206, 1295602
4901100, 1190400
8425092, 2540928
7508491, 7501984
5725818, 1578528
480231, 320148
9475443, 5943744
1844229, 1229484
8427924, 2792448
4696009, 4690960
4623120, 1232640
8276958, 2758968
4020610, 1462000
5617782, 1872576
7425117, 4177152
7873695, 3977856
899424, 298944
451302, 150432
6228511, 5862112
8467236, 2673648
4435, 3544
2957281, 2951872
8658945, 4589568
1399291, 1391992
9624573, 5467392
2817, 1872
7198632, 1967328
261259, 259216
4417326, 1472436
8085067, 8058760
736297, 727936
7536282, 2273856
6924021, 4260912
8087469, 4976880
3158649, 1943568
8125740, 1857024
8420688, 2806848
56937, 37956
6641847, 4416768
8374206, 2783064
5942010, 1459200
9880189, 8981980
6444219, 4296144
4873158, 1538784
49435, 39544
4319586, 1439856
6398145, 3149568
8642916, 2841696
7152543, 4735152
6721740, 1770624
7819560, 1709568
6593043, 4395360
6893397, 3938976
3726249, 2473296
310635, 150336
2243841, 1482432
6388335, 3358368
8204104, 4102048
8481507, 5471880
3336199, 3139936
8021430, 2138400
5917722, 1972572
8609274, 2869740
502198, 251098
2109861, 1298160
4123800, 1048320
3941082, 1290384
2051992, 1025992
747621, 427176
74259, 47952
2950137, 1953720
2647107, 1764720
5120636, 2560316
6690301, 6639100
7924057, 7457920
9822078, 2780928
4792170, 1277904
4317942, 1434792
5993062, 2996530
7036245, 3752640
501642, 156240
9640208, 4820096
5365287, 3576852
7480843, 7430488
431485, 345184
3284019, 2189340
6123960, 1632960
5123266, 2561632
2700441, 1742040
6197400, 1497600
2382351, 1583232
8217324, 2483712
7683514, 3841756
5014896, 1659840
7183467, 4773168
842104, 421048
9687607, 9677680
4862106, 1620648
5121360, 1365120
9281466, 2841696
285109, 259180
4228515, 2255184
599002, 299500
2149713, 1417392
8541, 5184
5918670, 1578096
6107013, 3701160
512636, 256316
5002198, 2501098
2520771, 1527720
6174, 1764
4827255, 2574528
4256979, 2795496
7276201, 7270612
201123, 123120
9656253, 6365952
166017, 110676
6530824, 3265408
2942271, 1927224
7206849, 4289760
44305, 35440
9018459, 5901984
243007, 237040
5719086, 1859760
1961485, 1569184
228051, 152028
5762420, 2204576
2006737, 2003776
5470146, 1657440
2461509, 1640952
429192, 142992
8670573, 5780376
5308401, 3005184
78120, 17280
598914, 199584
7836192, 1976832
3842100, 1023840
924930, 239904
326516, 163256
7239571, 7175392
2120506, 1060252
6140898, 1946880
2650309, 2639500
2612059, 2521960
248104, 124048
2406531, 1604352
4839109, 4399180
8943642, 2694384
966370, 376960
2854851, 1884552
4829301, 3219480
872304, 273408
293001, 193200
535761, 357156
5390062, 2695030
8624502, 2825064
625316, 312656
858276, 285768
8536302, 2835360
2084139, 1389420
4227019, 4217920
7522038, 2507328
4452816, 1484256
813204, 231840
54693, 35496
1518021, 1011852
2909751, 1790592
5271732, 1757232
1396537, 1335796
6210702, 2070216
871290, 198720
4034178, 1344708
584379, 375984
224269, 222496
9085437, 5793480
8064273, 4327680
7665883, 7658368
6305103, 3513600
3993012, 1330992
8304975, 3795840
7462584, 2487456
4198273, 4193728
5637018, 1873056
5834289, 3889524
631032, 210336
411726, 117624
7026234, 2342076
609714, 174096
6984673, 6937648
619740, 149760
823452, 235248
9587316, 3195768
162619, 161296
6134220, 1602432
8825463, 5883624
9792678, 2797896
9390762, 2993760
4216140, 1102464
428814, 142884
7962642, 2642976
4018812, 1148208
5656507, 5560576
7414362, 2471436
1732651, 1716352
1782513, 1175328
2668957, 2576896
6093477, 3749760
9148093, 9093148
8969112, 2919168
9538603, 9335608
5845170, 1558704
5999024, 2999504
4861539, 3169584
906543, 549360
1144501, 1141504
724371, 477312
2967381, 1978236
8080632, 2308608
8572446, 2857464
4509180, 1059840
8654979, 5769984
650343, 433560
7773264, 2477376
5990002, 2995000
6092841, 4061892
4791384, 1473984
5736669, 3796656
8705509, 8557900
3652011, 2151360
821537, 785312
9620675, 7696520
7725024, 2574720
2105996, 1052996
2185641, 1425816
8375026, 3675280
2810673, 1827360
3715268, 1857632
5103468, 1543680
8395272, 2798352
20617, 20176
7554402, 2507544
9145062, 2945160
8333410, 3313408
2160195, 1152096
8258307, 5327880
4766767, 4676776
4226877, 2784672
4932117, 3174192
3405373, 3357340
1928617, 1892176
7820145, 4170528
6337107, 3317760
3921402, 1290432
2507517, 1570752
6503218, 3251608
5900002, 2950000
5919226, 2959612
8472024, 2427840
4756014, 1574640
5419231, 5413912
783522, 235872
8230059, 5093280
778669, 776896
2603689, 2366980
6289002, 2096280
259136, 129536
5126976, 1596672
89268, 28896
6251940, 1629504
8152776, 2717568
2435101, 2351104
4002912, 1290240
6049188, 1988064
4321404, 1440432
7132572, 2377512
2184904, 1092448
7206280, 2867200
9842104, 4921048
8357821, 8351872
4776469, 4674796
8252341, 8245132
2500412, 1250204
8936424, 2386944
9635085, 5093568
2239261, 2236192
6956733, 3956736
7046469, 4697640
6294132, 1936224
9028458, 2850984
480249, 249480
8043822, 2488320
5939697, 3959796
1148803, 1134880
3926518, 1963258
1514419, 1511944
8902251, 5821920
9035622, 2930256
2526351, 1652352
602088, 200688
842389, 838924
782100, 187200
7324002, 2034720
6822, 2268
6460710, 1667040
6077331, 3701376
2005196, 1002596
7260939, 3967920
5104428, 1458240
7724619, 4219776
7865019, 5179680
5020198, 2510098
6512058, 1860552
4482169, 4218496
5210026, 2605012
3093129, 1903392
6248041, 6142084
2591872, 1295872
7457382, 2377584
8355429, 5529384
2014785, 1074528
734101, 731104
6534063, 4356036
5567184, 1584576
481230, 128304
8456019, 4519680
9693126, 3219696
6450523, 6435520
6325192, 3162592
6250932, 2029536
6301032, 2100336
9706467, 6470976
6713802, 2081376
74922, 24972
3629223, 2233296
7456347, 4754376
1796913, 1197936
404136, 134640
8043865, 6435088
69271, 67912
7202538, 2057832
1800261, 1200168
9780416, 4890176
4493617, 4417396
5041609, 4956100
27615, 12576
653902, 326950
7021836, 2308176
9406429, 9246940
6090381, 3691080
461754, 144576
4428639, 2934864
5782240, 2275840
5203431, 3453120
2101065, 1120560
9552807, 5789520
966753, 639576
21, 12
502126, 251062
8536428, 2845368
22851, 15228
7132248, 2237184
2010452, 1005224
5023647, 3270456
6213789, 3897216
1362157, 1357216
6180174, 1481760
8062248, 2642880
3299211, 2199312
6038169, 3986160
4541301, 3015144
2059192, 1029592
9376567, 9365776
866527, 862576
689922, 229968
7164630, 1736640
3518341, 3513184
9265489, 9249856
2580397, 2573980
7435026, 2370456
976384, 487936
3560289, 2358096
952230, 253920
9085524, 2595840
371682, 123876
9360642, 2936640
5202705, 2755200
3034017, 1733400
2964147, 1946472
2541861, 1452168
2388591, 1592388
63, 36
8257302, 2752380
8712900, 1987200
646071, 416760
199627, 197296
5296113, 3511296
7305264, 2405376
4622445, 2444256
43218, 12348
2010058, 1005028
7422678, 2472768
2998917, 1978992
200516, 100256
5891166, 1956816
640170, 170640
4522306, 2035264
821880, 218880
6006150, 1600560
2331645, 1243536
7142058, 1854720
6744320, 2447360
8727181, 8711872
1690641, 1096416
681993, 399168
5993697, 3995796
8682397, 8382976
302181, 183120
4018995, 1995840
3298093, 3293980
4690432, 2344960
8705673, 5803776
176481, 117648
2910483, 1932480
4106124, 1244160
250196, 125096
9611346, 3191664
3719922, 1239972
2063613, 1263360
6835401, 4538160
1799631, 1199736
736365, 336576
8392662, 2632896
6066357, 3676560
9524367, 6349572
2588083, 2583088
9333280, 3393280
4880610, 1088640
9824104, 4912048
8682507, 5762880
7631220, 2021376
8161207, 7681120
2048163, 1260384
8554752, 2755584
201679, 196720
6523184, 3261584
1736901, 1137960
616410, 164160
8188290, 1982880
9607134, 3149760
9172461, 6114972
7206505, 5765200
6001230, 1600320
9701235, 5173920
6012030, 1603200
5689818, 1896588
2101701, 1171200
308124, 102384
2134881, 1182384
7018650, 1870560
5763150, 1535760
7902889, 7889920
2607183, 1723680
2181406, 1012864
3122679, 1679232
3480615, 1856304
600102, 200016
9167403, 4930176
5904018, 1958400
5461230, 1456320
6630471, 4316760
708865, 567088
4362714, 1442736
8009352, 2395008
812348, 381248
410328, 132480
9970632, 2799360
5433363, 3343536
6107463, 4071636
5967873, 3978576
8285910, 2195808
6706092, 2069760
3216051, 2131560
6292008, 2028960
4681638, 1364688
2356729, 2352976
5840361, 3810456
7251048, 2071584
8502633, 5368032
8995761, 5997168
2341501, 2315104
4700635, 3760504
6051238, 3025618
73926, 23976
4780232, 2387024
289071, 192708
5196726, 1725696
6052318, 3026158
410124, 114240
2157088, 1078528
6179841, 4119876
3817224, 1272384
6401700, 1706400
8695782, 2898576
7428618, 2476188
3247891, 3192784
1980547, 1975840
6395403, 3495360
940417, 917440
3041712, 1013472
5524009, 5509204
9776527, 9752776
8488563, 5634888
4084182, 1280448
5512140, 1451520
9271545, 4595712
8598762, 2857896
281517, 185712
9260331, 6133920
5703168, 1837056
9663700, 3769600
8670216, 2876160
5451726, 1557624
6420679, 6042976
7684200, 2047680
2442051, 1542240
6054231, 4036152
3044169, 1963440
525121, 521152
7341426, 2447136
6018163, 6013168
4768173, 3178764
5582637, 3525768
1972431, 1314792
899982, 299988
6281574, 1865472
2869791, 1876992
6300327, 3763200
6643917, 3796416
5403861, 3584160
5394621, 3596412
4463881, 4388164
5863833, 3833568
2519206, 1259602
8434051, 8413504
8315674, 4157836
1803769, 1639780
6246180, 1620864
571986, 185976
1523091, 1015392
51606, 16560
9202050, 2059200
6128340, 1634208
6409143, 3944016
4082047, 4072840
4573122, 1524372
7600521, 5067012
210526, 105262
5598403, 5593408
3915261, 2159136
4480325, 3584240
7354122, 2451372
7148005, 5718400
4562431, 4465312
517722, 172572
6916401, 4610916
1688037, 1038768
5060130, 1305600
9602550, 2559600
275103, 175032
4361958, 1453968
9644907, 6099744
4642063, 4636240
4500212, 2250104
2701509, 1795200
4829163, 3198624
6021135, 3211056
7151040, 1751040
9748269, 6498792
250412, 125204
9249300, 2399040
68202, 22680
421052, 210524
6564309, 4356960
348219, 231984
659943, 439956
693072, 230976
9440262, 2904624
780109, 709180
291, 192
5266005, 2605056
3162501, 2051136
5988120, 1580928
1869109, 1699180
6706935, 3576960
7821000, 1872000
6580341, 4358016
573012, 173520
5407233, 3327504
5203143, 3153240
5004225, 2550240
5597269, 5579296
5444935, 4355944
5890126, 2519680
5731446, 1637544
3137265, 1573632
782406, 260784
8957682, 2985876
277621, 276172
2051996, 1025996
4815639, 3154968
9503647, 9450376
7163079, 3719760
7250832, 2358720
3287923, 3273928
2710627, 2707216
7652052, 2550672
3856219, 3851296
5796547, 5757496
5152230, 1235520
8352567, 5568372
4271832, 1423872
734607, 473760
193167, 117936
781200, 172800
5118523, 5113528
8319823, 8313928
7224372, 2374272
7430589, 4953708
6017841, 4011876
6325916, 3162956
9436705, 7549360
8524818, 2841588
2029131, 1192320
610896, 168960
5080024, 2540008
653043, 435360
7526028, 2508672
71280, 17280
869751, 579816
9206838, 3068928
7256403, 3654720
706449, 470964
6164730, 1376640
2170503, 1370520
4265132, 2132564
400832, 200384
4284441, 2448144
3912658, 1956328
8724096, 2907648
6429132, 2142936
6722082, 2227680
2715380, 1038752
6517098, 1859760
2590423, 2354920
3009417, 1937040
8211051, 5018112
7043922, 2347920
7481290, 2971840
3603140, 1433600
3107592, 1035792
6006039, 3696000
9749667, 6499776
4508703, 3005748
6054963, 3950664
7086180, 1867008
5000824, 2500408
9960021, 6199200
45421, 44512
4259012, 2129504
2427615, 1275264
7083441, 4371840
895761, 597168
749682, 249876
8967051, 5978016
3719244, 1239744
6592312, 3296152
8649459, 4459968
6438621, 3661824
6840723, 4327680
8996256, 2998656
5000218, 2500108
5367, 3576
84283, 83248
4349916, 1449936
847692, 274896
8207396, 3829760
8570286, 2856708
4410066, 1406064
9080017, 9070180
7466355, 3675456
6693015, 3059616
67335, 35376
6124304, 3062144
1796931, 1197936
2180492, 1029248
6812064, 1866240
4278823, 4238728
9423246, 2692344
2351295, 1253952
5300602, 2650300
4201038, 1400328
2094901, 2091904
3991422, 1324992
4894315, 3915448
4750164, 1574640
208413, 132840
4884381, 3184488
2934651, 1956432
765234, 247536
4448214, 1442448
4304172, 1434720
579067, 577096
9350802, 3090528
444018, 144480
5646337, 5634736
7812000, 1728000
94206, 26904
4886107, 4871680
3201849, 1829304
8579401, 8571904
4836985, 3869584
7042344, 2347440
8326170, 2187360
5581206, 1852560
7692080, 2796800
5034063, 3356040
5809164, 1869504
645027, 427560
7529208, 2509728
418194, 119448
6453260, 2346560
2419072, 1209472
8610528, 2850816
4320655, 3456520
2651326, 1325662
4519638, 1439856
4716423, 3144276
661579, 659176
1014901, 1011904
7821403, 7481320
539967, 359976
7123456, 3561472
7422, 2472
9652968, 2969856
458712, 145728
215708, 107852
3407691, 1936704
4975104, 1597440
8654049, 5448960
4671342, 1437264
7478100, 1707840
4408104, 1444800
599902, 299950
8040483, 4838400
6168372, 1762368
2815491, 1584912
6298902, 2099628
3124652, 1562324
2005912, 1002952
8113602, 2318160
1026349, 1023964
4215906, 1405296
5276178, 1758672
4036923, 2439360
6325196, 3162596
6462171, 4216176
4659618, 1546896
6130602, 2036160
6138060, 1636800
6827052, 2275680
8942064, 2964480
5394663, 3596436
9142284, 2944128
4814305, 3851440
4820104, 2410048
5760367, 5637760
6548937, 4357968
6210538, 3105268
3689215, 2951368
5912026, 2956012
251984, 125984
8588043, 5388480
4600951, 4591600
5339203, 5333920
4809010, 1908400
3403116, 1134360
8149590, 1995840
82026, 22680
8844057, 5784480
8699605, 6959680
5143170, 1371504
160731, 107136
768420, 204768
6823173, 3832176
6729156, 1796256
9043850, 3594800
6391008, 1963008
564102, 142560
8562924, 2854296
7556301, 5037516
5552467, 5547256
2221873, 2217328
896022, 298620
4192830, 1093248
2320369, 2303296
6652710, 1760256
6590043, 4350096
4292865, 2289456
7780363, 7733608
763902, 239760
9018889, 8198980
7020324, 2340072
6590343, 4393560
4410162, 1464120
761502, 217560
9274062, 2649720
417834, 137448
9294048, 2989440
2591984, 1295984
5946231, 3964152
8696005, 6956800
625041, 405216
8320305, 3803520
176931, 117936
2500198, 1250098
5399062, 2699530
6402303, 4036032
7464042, 2474064
7298241, 4782912
1956103, 1953160
5902126, 2951062
6730942, 3279640
1785213, 1157328
6178452, 1765248
5967612, 1596672
4441608, 1480464
9650781, 5189760
6740451, 4451760
674253, 425736
75841, 75184
4827841, 4817284
681120, 161280
7600563, 5067036
6245391, 4163592
4631058, 1543680
4290192, 1429920
5021992, 2510992
2050018, 1025008
2728911, 1819272
5429023, 5423920
1600713, 1030176
7614810, 1617408
5396841, 3569184
764952, 254976
2012391, 1321920
5364093, 3045936
984370, 390784
281997, 187992
8578287, 5277888
8046027, 4876200
5020196, 2510096
4753512, 1553472
2367351, 1325376
3265018, 1632508
6082965, 2695680
3082003, 3023800
9783650, 3895760
5922837, 3927528
6581439, 4359168
7128000, 1728000
1912005, 1019520
6711894, 1917648
7304805, 3875040
8210880, 2188800
6261024, 1626240
6539024, 3269504
6008112, 1820160
8366965, 6693568
9042615, 4691520
3210280, 1208320
5042106, 1520640
352221, 232512
3904763, 3769304
8637154, 4318576
8663220, 2263680
3144603, 1633440
6209568, 2069568
620892, 206928
5886817, 5881876
5104512, 1451520
326518, 163258
9330200, 3392000
94813, 93148
4125618, 1165248
2881210, 1102288
6907021, 6279100
4416249, 2944164
5019210, 1105920
2786983, 2739688
9224550, 2459520
964395, 495936
5967238, 2793856
8982, 2988
4168550, 1655840
1890567, 1079568
7096473, 4730976
574803, 375840
1021057, 1017520
9482220, 2298240
2599196, 1299596
1600281, 1061280
1990521, 1190592
51363, 31536
2466417, 1644276
8698410, 1988064
7401489, 4917840
629406, 206496
5341923, 3493152
9923393, 9339392
4322178, 1234872
474883, 473488
6776343, 3737664
212101, 210112
9966730, 3976960
6484507, 6475840
8700462, 2867040
1876867, 1868776
65163, 35616
9415560, 1954560
8896428, 2884896
6175026, 1726560
7361640, 1647360
9848203, 9840328
452203, 432520
6134850, 1635840
6380154, 1845360
8249796, 2749896
4170690, 1049760
4102009, 4001920
2604681, 1660824
5592751, 5551792
6749683, 6743968
321702, 107232
1502031, 1001352
8735022, 2758320
8617527, 5727168
7485642, 2456784
9810889, 8918980
3656347, 3643576
9242955, 4929552
4318002, 1328400
7310182, 3178120
461780, 167840
6102, 2016
5371092, 1790352
1600413, 1063104
4041525, 2155440
4853142, 1345248
2202417, 1224720
5274318, 1385472
5862049, 5849620
892581, 588192
8351674, 4175836
8402893, 8394208
2905821, 1925280
8725806, 2857680
8563248, 2854368
5396997, 3597996
1878523, 1857328
3846201, 2481360
140083, 138040
3140025, 1435200
2750319, 1537920
2104947, 1294704
514323, 334152
5463261, 3642156
6978150, 1859760
8905257, 5798520
8721130, 3171280
603369, 369360
9800989, 8909980
3851251, 3815152
7463824, 3726448
3712446, 1237464
749922, 249972
2591936, 1295936
865479, 576984
2514213, 1415232
2001465, 1052064
431586, 143856
9608481, 6198840
2659138, 1329568
6502138, 3251068
5038923, 3359280
1769913, 1179936
932085, 385920
2024163, 1326240
2270163, 1220736
756702, 250776
3031092, 1003392
7285410, 1758240
4468813, 4314688
8437062, 2743680
7167483, 4778316
3106458, 1035468
7320159, 3795120
8932410, 2381904
5845003, 5835400
7802406, 2600748
8356714, 4178356
9899802, 2999880
4013208, 1324800
6173037, 3701376
4661598, 1548696
3820183, 3803128
5199226, 2599612
167569, 157696
5221906, 2610952
9401607, 6179040
191607, 110976
602046, 200664
1946127, 1297416
8271576, 2757168
3716214, 1237164
6512392, 3256192
434916, 144936
857244, 285744
7441209, 4741920
7332795, 3773952
5380657, 5375860
624903, 392064
712800, 172800
8293656, 2369568
9037692, 2799360
5696712, 1596672
2120139, 1192320
7426390, 2947360
9086832, 3028896
217508, 108752
3381020, 1332800
6139503, 3951360
6852204, 2284056
1527469, 1524796
2618109, 1610928
4852035, 2558304
3824791, 3819472
2813103, 1831032
1288663, 1286368
6051236, 3025616
9860202, 2829600
8614305, 3548160
5182776, 1727568
2157363, 1327536
284029, 282940
840528, 258048
8358246, 2458368
4102052, 2051024
4319946, 1439964
534663, 356436
5082363, 2835360
8044587, 5047488
8056371, 5038176
8628507, 5706288
2608173, 1678320
63072, 20736
4052610, 1050624
3952843, 3945328
5004212, 2502104
9281637, 6173928
6010452, 1520640
4609710, 1049760
4881843, 3184488
9080809, 8990800
9126810, 1892160
783169, 781396
3687514, 1843756
3390471, 1937304
3571268, 1785632
6331050, 1533600
8028534, 2583840
9807425, 7845920
567873, 378576
257168, 128576
5984379, 3979584
6048513, 4031856
8005824, 2580480
1906137, 1179360
7841203, 7834120
6184231, 6148312
9184665, 4198656
3928014, 1309284
9005463, 5943600
6640351, 6635104
152301, 101532
8942406, 2689440
2322781, 2318272
400993, 399040
9853020, 2395008
8243640, 2064384
6106194, 1964160
1884067, 1876480
8957961, 5971968
6480162, 1866240
6302052, 2032560
3841020, 1023840
2819997, 1879992
259018, 129508
6073902, 2007936
736452, 245376
9029628, 2928096
620235, 256320
1014109, 1011904
3193207, 3173920
6599302, 3299650
8036424, 2384640
6020082, 2006208
8259606, 2658096
5893164, 1954368
8123821, 8112832
4217085, 2175840
5162076, 1720656
5354043, 3534504
6105138, 1813056
2203551, 1235520
779281, 771892
2560489, 2409856
9698472, 2769984
9087435, 3907584
5978673, 3775896
1524031, 1510432
6542391, 4361592
4029318, 1239840
9022086, 2962080
281805, 150288
1607481, 1071648
2459012, 1229504
2858083, 2853088
880567, 878560
5967421, 5961472
4813056, 1603584
9605763, 6379560
7236, 2376
3840921, 2139840
7923571, 7913752
5503923, 3509352
5525431, 5515432
7902709, 7709920
7721352, 2573712
2042503, 2035240
5536287, 3655728
8547093, 5397840
2340853, 2335840
959607, 579960
181465, 145168
8957628, 2985768
2103819, 1398120
2410052, 1205024
5889018, 1958880
7191060, 1917600
5210206, 2605102
8757843, 5783784
517023, 317520
1460203, 1432600
7610526, 1762560
6468273, 3648672
6413400, 1463040
5126398, 2563198
8692857, 5782968
5456218, 2554816
9701325, 5173920
2947551, 1945752
4310064, 1304640
2010105, 1015200
9686403, 6438960
7486452, 2467584
3914802, 1304928
1504051, 1501504
52164, 14256
7194267, 4796172
59002, 29500
256761, 167256
4117632, 1372416
17631, 11736
5210638, 2605318
7842105, 4158720
4183290, 1093248
116503, 115360
3146083, 3140368
2149443, 1432944
4135788, 1378584
2150647, 2147560
5211864, 1485216
9408204, 2894400
5323419, 3394512
498208, 249088
5462931, 3641952
4034172, 1344720
4154490, 1054944
175821, 115872
3824712, 1274832
1970089, 1790980
4420239, 2932440
2518, 1258
7683039, 3908736
4589703, 3059748
2059912, 1029952
2059126, 1029562
6854355, 3655584
6241071, 4160712
3120006, 1036200
5248195, 4198552
9148032, 3048192
9523860, 2539680
9601344, 3144960
6811200, 1612800
211065, 112560
5389413, 3539184
1924891, 1921984
9039726, 2990736
7021362, 2310672
9537721, 9357712
2209507, 2079520
5063218, 2531608
4839210, 1290384
5358861, 3518856
4285818, 1428588
7324164, 2441376
8067357, 5378076
4910682, 1402968
9522300, 2539200
6827373, 3877632
2871044, 1247840
5834529, 3854592
5687439, 3785496
4704102, 1447200
7254693, 4653792
4109400, 1094400
4235679, 2379456
7464582, 2467584
9420732, 2974320
5834610, 1543680
5043810, 1345008
7142536, 3571264
6530218, 3265108
6808219, 6189280
2961045, 1524096
4187829, 2791884
1781697, 1187796
3385069, 3365980
2947167, 1964772
3086253, 2033856
8124006, 2461800
5016276, 1672056
608922, 202968
632516, 316256
5949483, 3958944
4157928, 1257984
8480025, 4250880
6217460, 2476160
5861032, 2815360
5513422, 2545312
8428921, 8418292
4617800, 1678400
1700691, 1097160
86965, 69568
6181500, 1516800
4695192, 1564992
2264157, 1275264
8560479, 5706984
3428283, 2283384
7060635, 3765600
1576969, 1569796
5108964, 1459680
4435621, 4416352
2891073, 1927380
504601, 501604
857628, 285768
2649211, 2641912
4781823, 3182784
504603, 305640
806511, 511680
8700989, 7909880
6201672, 2067216
9205374, 3049752
8642106, 2618640
4038235, 3230584
1256861, 1182656
7072218, 2177280
8467851, 4817568
259918, 129958
8032236, 2633280
4144680, 1064448
6026895, 2560896
6482106, 2160648
618786, 176688
8280673, 8273860
9690649, 9669940
5978041, 5910784
5786883, 3857868
5374269, 3497256
1981413, 1131984
5050429, 5045920
1780617, 1187076
442881, 288144
5260312, 2630152
6107043, 4071360
2110905, 1105920
4012686, 1266840
690816, 196608
9581409, 5901984
563814, 183456
194181, 119184
5576479, 5547976
992416, 496192
6899013, 3991680
5020412, 2510204
5637, 3756
2195708, 1097852
8461572, 2417568
4025012, 2012504
534621, 356412
5032618, 2516308
568377, 378756
2017508, 1008752
1796841, 1169784
3014685, 1586304
6980209, 6809920
4274289, 2849472
2013469, 1964320
6980160, 1689600
5504047, 5475040
4062517, 4057216
8450472, 2780544
8551602, 2850516
9072408, 2974080
5251674, 1647552
5761530, 1535760
4716432, 1347264
8352549, 5548392
5428966, 2569864
6722046, 2240676
8820657, 5880276
6239451, 4159632
119221, 112192
5678973, 3785976
3460309, 3340960
6740325, 3467520
21058, 10528
982566, 269568
529443, 352944
8142345, 4153248
8910657, 5091768
7680643, 7346680
9720367, 9677320
1802961, 1201968
6290586, 2096856
2120175, 1127520
5062138, 2531068
7128670, 2781760
4317696, 1437696
1802061, 1162080
7761429, 4776192
1962405, 1046592
5600718, 1756800
5406231, 3604152
7424892, 2474928
5458194, 1559448
920262, 262920
8960274, 2986740
7281270, 1827072
7682040, 2047680
6487110, 1481760
4084369, 3844096
1724319, 1143792
4232491, 4142392
4994305, 3995440
830722, 382720
9036072, 2937600
601983, 398160
1545109, 1515904
5390523, 3509352
6228702, 2076228
924075, 479520
7124526, 2271456
4781943, 3187944
5633307, 3533760
410490, 109440
2460531, 1640352
413172, 131472
3602529, 2053296
5219026, 2609512
6023979, 3706992
538641, 354816
5697108, 1709568
7251402, 2410752
5936409, 3905496
3010125, 1531200
5230618, 2615308
4306104, 1304640
2523769, 2375296
344169, 196344
9282330, 2393280
8049609, 4989600
5790312, 1753920
3202155, 1552320
732031, 730312
410252, 205124
7499682, 2499876
4286797, 4278976
4709823, 3072984
50824, 25408
6263197, 6192736
5657733, 3753576
628902, 209628
8022, 2280
6805413, 4508136
7042032, 2347200
4268214, 1422684
7732152, 2577312
7284159, 4789152
820644, 248640
9933012, 3310992
78210, 18720
700362, 207360
5209425, 2545920
2740162, 1272640
6013200, 1603200
9862155, 5259168
496208, 248096
284301, 183240
6450120, 1520640
2410528, 1205248
4171734, 1177344
976482, 297648
6640170, 1760640
6543, 4356
6059943, 4039956
5976144, 1947456
720783, 387072
5019226, 2509612
6384607, 6376480
747810, 170784
5903463, 3935640
8367471, 4781376
8690652, 2896560
2284657, 2245876
651798, 185976
510948, 159408
8612022, 2862120
1368403, 1363048
25196, 12596
5813316, 1835136
2104089, 1294800
3104082, 1034208
7424331, 4734312
5528637, 3685752
1921741, 1914172
1786401, 1178064
3026781, 2017836
98802, 29880
400399, 399040
2050198, 1025098
2769561, 1796256
1822101, 1211280
5632110, 1365120
4880190, 1049088
6381522, 1823256
2698461, 1692864
7340416, 3670144
600639, 369600
3940639, 3934960
8845953, 5853984
5257818, 1752588
7860582, 2576880
8124811, 8111824
8725428, 2885472
7042836, 2347608
4808110, 1810048
940212, 241920
4201308, 1400328
5254657, 5247556
4617204, 1472064
5102809, 5091280
8551269, 5689152
245012, 122504
8073439, 7339480
6644190, 1464960
6219783, 3928176
2015708, 1007852
3522291, 2325192
4341726, 1447236
7604259, 4679520
7684287, 4728768
2981997, 1987992
2868469, 2864896
5640217, 5127460
432405, 230544
725238, 235872
8283795, 3898752
4680027, 2764800
6854922, 2284956
6025371, 3651720
7712082, 2177280
7432428, 2474328
2032581, 1283520
7181820, 1801728
9610128, 2911680
401184, 114048
6928491, 4618992
8536179, 5398176
2408104, 1204048
7581420, 1572480
8652537, 5768352
192087, 109728
179631, 119736
2564001, 1520640
2932495, 2345992
6451380, 1586304
6935229, 3962952
8990701, 8971900
7624206, 2406672
8434755, 3855744
5021264, 2510624
2418057, 1572480
6838641, 4186368
2614941, 1494216
4834017, 3147480
6400393, 6390340
22471, 21472
2108584, 1054288
2903263, 2639320
6135840, 1635840
9287511, 5978112
500824, 250408
7541262, 2461752
4109850, 1095840
5641747, 5447176
29817, 19872
4101804, 1140480
2710821, 1807212
2678721, 1768272
590623, 536920
989802, 299880
462285, 246528
8205732, 2735208
1914721, 1911472
456903, 304596
5154084, 1585440
6733083, 3833760
3772116, 1231776
5032437, 3304752
4673916, 1437696
2087341, 2073184
5083416, 1563840
5861280, 1562880
840861, 480168
114109, 111904
8140230, 1804032
4927167, 2794176
5847003, 3570480
622935, 326592
4261149, 2691144
7312309, 7133920
256401, 165240
2812635, 1285632
7357291, 7351792
8287335, 3788352
957312, 317952
5999902, 2999950
483605, 385640
4690188, 1480896
7042002, 2040720
7120260, 1627200
6406821, 4216680
9612702, 2912760
6848010, 1684800